#No, RA Dec pv[km/s]    comoving_distance[Mpc/h100]   zcmb zHubble
1 0.645042 -3.710722 -328.3752  67.63890788 0.02155800  0.02267818
2 0.66625 8.737 -334.1010  58.52673506 0.01847300  0.01960929
3 0.693208 18.886222 -264.4296  81.07435434 0.02630500  0.02721104
4 0.737417 4.208722 -161.4762  87.38799205 0.02879000  0.02934443
5 0.773583 -1.913806 -307.8080  75.43038342 0.02425300  0.02530572
6 0.812042 16.145417 -294.7048  13.45738142 0.00350600  0.00449345
7 0.895917 23.200778 -281.2083  75.15162726 0.02425000  0.02521166
8 0.995458 20.752333 -76.0943  23.82318829 0.00770500  0.00796084
9 1.005167 -51.394083 -120.0589  105.35070742 0.03501100  0.03542566
10 1.062625 -50.646028 -64.8071  118.31602122 0.03960100  0.03982578
11 1.054349 10.790167 -173.0266  81.02640709 0.02660200  0.02719485
12 1.06125 22.588611  4.3796  44.24839023 0.01482400  0.01480917
13 1.104292 6.177667 -274.5832  53.28906358 0.01691500  0.01784726
14 1.120125 5.847111  7.0590  31.03729177 0.01040100  0.01037721
15 1.240792 5.123444 -324.8646  56.63640187 0.01786900  0.01897319
16 1.275968 6.920112 -350.9987  64.63843315 0.02047100  0.02166717
17 1.307875 6.772 -356.0155  66.21667286 0.02098500  0.02219890
18 1.370917 -50.270306 -72.6902  103.69652997 0.03461400  0.03486492
19 1.371917 -49.620306 -69.9509  106.69866531 0.03564100  0.03588270
20 1.392917 53.631333 -154.2071  96.11265281 0.03176500  0.03229599
21 1.451708 27.449417 -336.4610  78.20673328 0.02509100  0.02624277
22 1.48375 22.492583 -285.3149  68.53015207 0.02200500  0.02297858
23 1.668208 5.113472 -324.8646  56.77624414 0.01791600  0.01902024
24 1.699333 4.937056 -324.8646  55.92226658 0.01762900  0.01873293
25 1.709833 19.321917 -264.4296  81.15436883 0.02633200  0.02723807
26 1.719625 -50.415111 -0.5743  100.20543172 0.03368000  0.03368198
27 1.798667 13.768194 -328.6106  56.88256193 0.01793900  0.01905601
28 1.816 27.708083 -67.0854  46.02010445 0.01517700  0.01540422
29 1.821292 27.678361 -336.4610  78.45287004 0.02517400  0.02632586
30 1.831375 32.60925 -318.4247  53.76192098 0.01692500  0.01800628
31 2.006825 33.070772 -177.6652  50.65209789 0.01635800  0.01696068
32 2.042792 27.00425 -301.1547  90.22865578 0.02927000  0.03030499
33 2.045625 27.528139 -67.0854  46.88358249 0.01546700  0.01569428
34 2.078083 -59.515611  102.5432  76.36817686 0.02597300  0.02562219
35 2.087333 -29.915 -336.0908  18.30685361 0.00498700  0.00611493
36 2.143917 -33.858333  28.4973  67.40335318 0.02269600  0.02259879
37 2.167208 -50.619389  31.0240  99.18420401 0.03344300  0.03333607
38 2.205042 24.540333  4.3796  45.59719781 0.01527700  0.01526217
39 2.198833 33.433333 -177.6652  49.72926002 0.01604800  0.01665050
40 2.268375 25.618611  4.3796  43.17331261 0.01446300  0.01444818
41 2.264292 -32.914139  28.2248  68.25756725 0.02298300  0.02288670
42 2.450792 27.832306 -242.3346  85.05961873 0.02772600  0.02855743
43 2.472542 25.923778 -67.0854  46.16898815 0.01522700  0.01545423
44 2.469982 -64.372086 -108.7594  19.37765379 0.00610800  0.00647313
45 2.508292 28.210139 -249.8967  83.75328882 0.02725900  0.02811600
46 2.485583 -24.963139 -217.2950  7.71423548 0.00184800  0.00257468
47 2.512583 28.150306 -242.3346  83.99340728 0.02736600  0.02819713
48 2.609917 28.987944 -342.2100  73.46497398 0.02347300  0.02464262
49 2.58325 -46.419417 -8.8886  59.85759324 0.02002700  0.02005724
50 2.607792 25.831833 -67.0854  46.44888029 0.01532100  0.01554825
51 2.636542 28.99625 -290.3866  80.97044055 0.02618100  0.02717595
52 2.670292 32.983083 -177.6652  49.50001866 0.01597100  0.01657345
53 2.695417 33.352833 -177.6652  49.27076922 0.01589400  0.01649640
54 2.802458 -33.578556 -15.1395  78.11803794 0.02616100  0.02621282
55 2.809352 28.906469 -278.8120  82.79091237 0.02683500  0.02779086
56 2.842896 6.389371 -392.3306  63.98701916 0.02011100  0.02144774
57 2.853458 -41.398222 -311.8098  17.78163743 0.00489300  0.00593926
58 2.937917 28.499 -290.3866  82.87885778 0.02682500  0.02782057
59 3.037874 12.04496 -359.2008  66.84317974 0.02118500  0.02241002
60 3.065542 22.321806 -301.0214  78.94409109 0.02546100  0.02649170
61 3.667125 18.582028 -261.3059  56.41914651 0.01801200  0.01890010
62 3.963667 16.089778  8.4121  41.87273961 0.01404000  0.01401155
63 3.989833 14.075556 -390.8226  58.47589712 0.01826300  0.01959218
64 4.118417 29.923944 -213.8904  50.61007252 0.01622100  0.01694655
65 4.184083 7.076083  12.9427  39.41081300 0.01322900  0.01318526
66 4.271083 42.161361 -381.0662  54.36542306 0.01691500  0.01820925
67 4.2925 -19.301472 -186.3871  33.82824866 0.01068400  0.01131275
68 4.330833 6.723056 -423.2600  60.58020550 0.01886000  0.02030050
69 4.348833 18.084167 -363.5866  57.88198523 0.01815600  0.01939231
70 4.376542 -6.824611 -271.7550  75.45321382 0.02438400  0.02531342
71 4.399458 30.204972 -213.8904  50.30342768 0.01611800  0.01684348
72 4.424083 24.667222 -282.2652  63.05086097 0.02017100  0.02113243
73 4.439667 11.450333 -294.7048  14.54440371 0.00386900  0.00485680
74 4.499333 24.563028 -294.5329  60.71369279 0.01934300  0.02034544
75 4.60475 18.514528 -261.3059  54.68456608 0.01742900  0.01831659
76 4.752375 23.476528  4.3796  44.42705629 0.01488400  0.01486917
77 4.770583 -22.936389 -168.0531  77.30715791 0.02536400  0.02593911
78 4.789042 -24.523083 -168.2552  99.47926689 0.03285600  0.03343600
79 5.026 -54.523167 -42.8400  89.32148564 0.02985100  0.02999819
80 5.083708 7.7005 -423.2600  61.14534766 0.01905000  0.02049077
81 5.322917 23.090861 -362.4804  60.55982074 0.01906000  0.02029364
82 5.334167 17.346667 -261.3059  55.14875320 0.01758500  0.01847272
83 5.369042 22.556417 -362.4804  59.34037872 0.01865000  0.01988315
84 5.389542 22.591972 -313.7777  68.46815138 0.02188700  0.02295768
85 5.379708 29.662194 -421.7047  74.18244484 0.02344300  0.02488466
86 5.521208 23.736972  70.3211  43.98873399 0.01496000  0.01472198
87 5.556417 10.491583 -430.3584  57.96246991 0.01795600  0.01941940
88 5.610375 29.504278 -421.7047  74.81465476 0.02365600  0.02509796
89 5.739 -22.118611 -168.0531  74.99457905 0.02458400  0.02515867
90 5.986333 24.305694 -362.4804  60.23267596 0.01895000  0.02018351
91 6.011834 16.486389 -365.8032  12.10094858 0.00281500  0.00404012
92 6.193917 29.560528 -213.8904  48.67469253 0.01557100  0.01629609
93 6.249505 6.664762 -107.7289  87.41301747 0.02898300  0.02935289
94 6.263958 31.344778 -419.1104  71.94735737 0.02269900  0.02413074
95 6.354 6.706417 -78.8558  89.63719812 0.02983400  0.03010495
96 6.375167 24.811333 -1.0036  45.38351830 0.01518700  0.01519040
97 6.35475 -41.602417 -60.3673  80.35703624 0.02676200  0.02696879
98 6.449 -2.284778 -209.2495  55.19085088 0.01777600  0.01848688
99 6.703042 31.703306 -319.8290  65.92734273 0.02101100  0.02210141
100 6.692833 -33.677083 -305.0369  21.34907981 0.00610800  0.00713275
101 6.762167 11.583806 -120.2110  22.51215276 0.00711800  0.00752200
102 6.964672 3.489737 -252.4801  16.34788059 0.00461300  0.00545978
103 6.957241 -1.19999  27.5874  38.52726492 0.01298200  0.01288879
104 7.062208 30.80325 -319.8290  65.91842951 0.02100800  0.02209841
105 7.089583 27.373 -287.3242  98.13880451 0.03199200  0.03298202
106 7.092333 2.52725  23.3070  42.51795473 0.01430700  0.01422815
107 7.143208 33.272306 -120.6535  48.36783467 0.01578400  0.01619297
108 7.144678 31.1555 -319.8290  63.62732319 0.02023700  0.02132659
109 7.34965 31.381047 -319.8290  66.28386141 0.02113100  0.02222154
110 7.414875 11.601528 -359.0895  55.51245115 0.01737500  0.01859507
111 7.472542 31.393361 -319.8290  65.99864804 0.02103500  0.02212544
112 7.591542 -33.244028 -311.8098  18.93085313 0.00527700  0.00632366
113 7.691333 -29.342917 -127.2890  73.53150665 0.02423000  0.02466506
114 7.82375 28.99375 -193.7941  48.34079905 0.01552700  0.01618389
115 7.80875 -7.840778 -413.8377  65.09664295 0.02041100  0.02182154
116 7.815083 -22.559944 -205.1176  82.08396152 0.02684900  0.02755205
117 7.867375 -19.761306 -199.4276  72.58090430 0.02366300  0.02434441
118 7.898833 -10.506306 -77.1331  36.21285848 0.01185200  0.01211240
119 7.940583 -5.152639 -27.6544  41.47050481 0.01378300  0.01387653
120 8.050292 31.681639 -319.8290  66.34327927 0.02115100  0.02224156
121 8.009042 -64.253389 -152.9099  27.64540513 0.00872600  0.00924077
122 8.061917 -41.383889 -126.2556  78.85993864 0.02603100  0.02646329
123 8.128875 2.574167 -125.2014  24.95601772 0.00791900  0.00834011
124 8.135208 23.395083 -122.8487  47.62480775 0.01552700  0.01594331
125 8.185042 30.750694 -384.9207  64.78289562 0.02040400  0.02171584
126 8.220667 30.650972 -384.9207  64.14977634 0.02019100  0.02150257
127 8.21025 11.736861 -251.0065  51.54165639 0.01640800  0.01725972
128 8.314333 7.905056 -417.7280  57.98345287 0.01800600  0.01942646
129 8.292833 -13.146194 -283.7442  64.38230811 0.02061400  0.02158089
130 8.400667 2.681056  61.0117  43.12080380 0.01463700  0.01443055
131 8.399625 23.397806 -312.8471  54.77704080 0.01728500  0.01834769
132 8.511618 -9.705335 -38.1035  37.60297499 0.01245000  0.01257870
133 8.5645 -27.803583 -336.0908  19.22564503 0.00529400  0.00642228
134 8.636 -30.017861 -336.0908  18.64505556 0.00510000  0.00622806
135 8.712583 39.545111 -505.4515  62.74213231 0.01930700  0.02102846
136 8.694833 -8.396444 -234.7327  18.82396672 0.00550000  0.00628791
137 8.648042 -55.789972 -109.6356  84.45194167 0.02797600  0.02835207
138 8.733042 31.948778 -401.1218  62.83631378 0.01969400  0.02106018
139 8.90175 9.12425 -417.7280  57.18889140 0.01773900  0.01915909
140 8.91475 8.997583 -251.0065  53.04189370 0.01691200  0.01776414
141 9.016917 23.957889 -312.8471  55.51210436 0.01753200  0.01859495
142 9.041917 21.464556 -190.1321  93.95367723 0.03091100  0.03156523
143 9.0083 -9.888528  1.9214  49.16686666 0.01646800  0.01646149
144 9.044042 4.635222 -281.5074  51.90933138 0.01642800  0.01738333
145 9.1877 21.566049 -191.9763  90.50019720 0.02973700  0.03039683
146 9.301958 1.94225  61.0117  42.89151213 0.01456000  0.01435357
147 9.27575 -46.644083 -170.0402  37.03813786 0.01181500  0.01238922
148 9.306708 -22.587028 -153.0139  31.94922847 0.01016700  0.01068285
149 9.475333 32.689194 -305.6503  51.11114222 0.01607800  0.01711499
150 9.491 5.147861 -281.5074  54.89769120 0.01743200  0.01838827
151 9.510083 -46.517583 -194.6800  35.50825722 0.01121900  0.01187609
152 9.510792 -53.629833 -172.7988  85.11418432 0.02798300  0.02857587
153 9.632417 30.289917 -474.8570  58.63898363 0.01803200  0.01964707
154 9.617625 29.625139 -384.6346  60.16840031 0.01885300  0.02016187
155 9.666375 17.402667 -422.9476  58.39334628 0.01812600  0.01956440
156 9.771375 6.021056 -417.7280  56.58174496 0.01753500  0.01895480
157 9.826083 -27.34925 -143.8893  69.89954399 0.02294900  0.02344021
158 9.906958 8.965417  21.4887  44.00447222 0.01480000  0.01472727
159 9.895333 2.887444 -269.3850  54.01035354 0.01717500  0.01808983
160 9.929792 9.00525  21.4887  44.03424965 0.01481000  0.01473727
161 9.889482 -35.803362 -29.1264  64.45165437 0.02150500  0.02160425
162 10.148417 -25.442 -172.4265  75.38290408 0.02470000  0.02528970
163 10.265208 31.732694  7.1299  46.32562742 0.01553100  0.01550685
164 10.229667 -13.775583 -225.9003  86.38203910 0.02822900  0.02900438
165 10.181375 -63.441861 -152.5766  18.62127745 0.00570800  0.00622011
166 10.36679 25.499441  78.0740  44.42862486 0.01513400  0.01486970
167 10.391221 -10.021429 -58.1668  39.79030661 0.01311600  0.01331261
168 10.465375 32.991306 -305.6503  52.18304234 0.01643800  0.01747536
169 10.519333 36.805028 -236.9432  107.99715176 0.03550400  0.03632307
170 10.532333 33.406761 -472.5264  66.93081276 0.02082800  0.02243955
171 10.561208 -18.16175 -301.7381  18.52145804 0.00517400  0.00618672
172 10.722833 33.522722 -472.5264  66.84164843 0.02079800  0.02240950
173 10.866007 -0.124929  61.0117  40.94369659 0.01390600  0.01369970
174 10.837542 -55.326917  20.6818  78.79448223 0.02651200  0.02644119
175 10.936625 -24.421361 -185.5094  69.27353374 0.02259600  0.02322917
176 11.287811 -9.631711 -442.9090  65.12960218 0.02032300  0.02183264
177 11.493208 -7.282222 -479.0157  62.84017428 0.01943000  0.02106148
178 11.58075 51.217444 -420.1566  56.77596340 0.01759200  0.01902015
179 11.465052 -31.199078 -141.8343  59.57628858 0.01948000  0.01996255
180 11.525792 -42.529806 -233.1223  74.15961265 0.02408000  0.02487696
181 11.570083 -24.279333 -77.2878  105.71146033 0.03528100  0.03554797
182 11.537625 -55.568472  117.5649  74.96587665 0.02555100  0.02514898
183 11.710042 26.4755 -321.2366  52.59956483 0.01652500  0.01761541
184 11.679487 -35.797142 -157.5907  71.47449297 0.02343300  0.02397127
185 11.736 -21.8475 -229.7633  66.27464591 0.02143500  0.02221844
186 11.785625 -20.760389  nan  nan 0.00052000  nan
187 11.856217 -9.852742 -389.8080  61.39256812 0.01924700  0.02057401
188 11.975125 19.596833 -13.0050  45.53429677 0.01519700  0.01524104
189 11.94808 -9.89953 -281.9769  16.25487012 0.00448300  0.00542868
190 11.943489 -9.83505 -389.8080  60.98513699 0.01911000  0.02043683
191 12.006292 8.297083 -432.1684  56.94808409 0.01760900  0.01907806
192 12.013708 -2.775333  57.5376  39.75727671 0.01349600  0.01330152
193 12.25875 28.218056 -492.2955  55.63926397 0.01696500  0.01863773
194 12.398875 1.11525 -495.1134  57.61478946 0.01761900  0.01930240
195 12.4393 31.600336 -520.1319  56.39731561 0.01712500  0.01889275
196 12.492583 21.717639 -124.0473  46.45471373 0.01513000  0.01555021
197 12.46725 0.963194  139.8928  44.66889833 0.01542400  0.01495039
198 12.540583 31.73125  146.0782  44.31787274 0.01532700  0.01483251
199 12.511458 7.918806 -464.2408  58.30535855 0.01795600  0.01953479
200 12.521945 -1.951762  64.8903  37.62719916 0.01280600  0.01258682
201 12.586583 -41.24325 -151.8689  71.28893362 0.02339000  0.02390869
202 12.515687 -66.55329 -152.5766  18.18158011 0.00556100  0.00607303
203 12.642425 -43.063849 -150.5211  70.46228693 0.02311600  0.02362995
204 12.710209 -26.491688 -160.0468  56.52873923 0.01839300  0.01893697
205 12.696542 -55.607444  20.6818  78.50718549 0.02641500  0.02634420
206 12.893792 29.716472 -458.0381  53.77408837 0.01645500  0.01801037
207 13.017958 47.5505 -355.1340  9.82139040 0.00209000  0.00327848
208 13.050625 29.676972 -474.8570  60.11787110 0.01852900  0.02014486
209 13.116461 14.518171 -418.4933  58.75590835 0.01826300  0.01968642
210 13.126083 24.350583 -238.6470  103.25913314 0.03389300  0.03471668
211 13.146167 29.207278 -458.0381  53.13675664 0.01624100  0.01779604
212 13.289042 21.926667 -340.2575  76.07706835 0.02436000  0.02552395
213 13.360958 29.270361  146.0782  43.47550555 0.01504400  0.01454965
214 13.328208 -26.797889 -90.5508  107.57819537 0.03586800  0.03618097
215 13.386167 2.924306 -248.2079  51.39430561 0.01636800  0.01721018
216 13.431042 -27.049722 -160.0468  57.03426759 0.01856300  0.01910706
217 13.383708 -58.107139  5.6551  59.41350957 0.01992700  0.01990776
218 13.453668 -33.294948 -31.1690  53.90634177 0.01794900  0.01805485
219 13.446042 -45.186639 -200.1997  74.85497391 0.02442700  0.02511156
220 13.469434 -46.972409 -128.7367  83.50897893 0.02759200  0.02803346
221 13.499083 -21.67725 -98.8936  172.36918710 0.05792000  0.05826909
222 13.675437 36.765154 -529.5681  65.70458035 0.02022100  0.02202636
223 13.704917 52.480111 -388.7804  55.36624051 0.01722500  0.01854588
224 13.678458 21.522639  22.0493  26.46616222 0.00892000  0.00884580
225 13.7095 29.246639  146.0782  44.65717009 0.01544100  0.01494645
226 13.695833 31.365972  146.0782  43.36536468 0.01500700  0.01451266
227 13.557708 -62.455361 -51.8242  105.88563290 0.03542800  0.03560702
228 13.6375 -51.258639 -15.6434  72.72629888 0.02434000  0.02439345
229 13.781292 31.542278 -601.9660  60.55401440 0.01824300  0.02029169
230 13.763167 -19.005944 -322.1687  66.71456596 0.02126800  0.02236668
231 13.839792 31.67725 -478.2521  61.04775074 0.01883000  0.02045791
232 13.787345 -1.046479 -198.6794  137.64785487 0.04571000  0.04640348
233 13.886417 30.398167 -470.8521  71.18335300 0.02226500  0.02387309
234 14.248667 -45.412944 -132.5510  79.95196188 0.02637800  0.02683201
235 14.423583 33.351444 -604.7667  58.92433571 0.01768600  0.01974311
236 14.396208 -5.0025 -560.0570  62.01315815 0.01887600  0.02078297
237 14.465431 -1.136015 -143.9829  129.65744687 0.04318100  0.04368225
238 14.449458 -5.112083 -340.1581  58.08230378 0.01830300  0.01945973
239 14.506667 -5.071222 -340.1581  55.89836843 0.01756900  0.01872489
240 14.480667 -5.130417 -340.1581  58.01090610 0.01827900  0.01943570
241 14.647958 45.005222 -336.5638  55.38586470 0.01740900  0.01855248
242 14.593 -36.660139 -204.8781  105.03472581 0.03461100  0.03531854
243 14.707542 -35.116028 -108.2103  92.55862872 0.03072100  0.03109317
244 14.741667 -18.742667 -285.6361  22.82899674 0.00666800  0.00762805
245 14.901 35.560333  51.0378  23.01542056 0.00786200  0.00769045
246 14.917143 15.33098 -426.5626  59.15295628 0.01836900  0.01982006
247 14.872458 -36.186611 -159.1204  36.37034274 0.01162800  0.01216523
248 14.953053 14.723512 -368.7138  124.61418774 0.04068500  0.04196651
249 14.958708 -7.577972 -234.7327  18.83593378 0.00550400  0.00629191
250 15.117208 47.995194 -26.8660  27.34586667 0.00905000  0.00914043
251 15.135417 30.797222 -270.4260  50.85357305 0.01611100  0.01702840
252 15.151708 30.668972 -270.4260  50.39799739 0.01595800  0.01687527
253 15.230917 47.681972 -26.8660  26.39929196 0.00873300  0.00882341
254 15.252292 13.468333 -233.3305  119.06280805 0.03927000  0.04007950
255 15.257125 29.601722 -458.0381  54.39051316 0.01666200  0.01821768
256 15.260708 9.724833 -443.5169  64.65417229 0.02016100  0.02167248
257 15.338375 31.507722 -543.4251  61.00264384 0.01859300  0.02044273
258 15.278708 -26.058333 -230.0168  57.88144677 0.01861000  0.01939213
259 15.442 3.082028  116.7040  42.42871418 0.01459300  0.01419819
260 15.395917 -59.741528 -131.1940  85.08533789 0.02811600  0.02856612
261 15.602208 -1.958861  133.6043  39.52760590 0.01367600  0.01322445
262 15.701125 -6.411583 -560.0570  63.14663342 0.01925700  0.02116469
263 15.818292 22.342667 -135.0553  47.84921740 0.01556100  0.01601871
264 15.859958 32.237361 -604.7667  58.70104711 0.01761100  0.01966796
265 15.841167 -6.339222 -125.3754  25.14600062 0.00798200  0.00840372
266 15.810125 -43.011333 -275.6410  73.62958237 0.02375600  0.02469815
267 15.96 22.027778 -444.0711  60.90988397 0.01890000  0.02041150
268 15.9845 -2.262333 -256.6081  158.34290050 0.05256600  0.05346772
269 16.069998 -1.074994 -318.4277  56.06547370 0.01769900  0.01878111
270 16.063236 -1.11431 -544.6757  59.20293471 0.01798400  0.01983688
271 16.017917 -46.226167 -25.5762  67.36609924 0.02249900  0.02258624
272 16.029333 -51.133056 -184.1221  78.13416418 0.02558800  0.02621827
273 16.078 -35.121417 -195.2387  100.75838820 0.03319600  0.03386930
274 15.191208 -85.522944 -58.9896  47.00437281 0.01553500  0.01573486
275 16.124042 -51.460472 -107.6109  74.67827153 0.02468400  0.02505194
276 16.329083 31.682167 -523.2878  63.58609854 0.01953000  0.02131270
277 16.320333 -42.9145 -100.0752  89.02461636 0.02955400  0.02989780
278 16.408208 -47.071722  129.6617  56.38713244 0.01933000  0.01888933
279 16.540167 31.405778 -468.3607  66.95694515 0.02085100  0.02244835
280 16.541883 1.233114  nan  nan 0.00002200  nan
281 16.561417 -46.501139 -216.8371  92.83548342 0.03044100  0.03118685
282 16.8865 39.400139 -560.5891  64.10387244 0.01957700  0.02148710
283 16.77675 -42.008389 -244.2744  72.09495309 0.02334600  0.02418051
284 16.793833 -42.391972 -140.6288  81.09155933 0.02673500  0.02721685
285 16.989208 33.303028  456.7774  37.40799353 0.01405600  0.01251329
286 16.9835 2.545861  36.6521  99.47232744 0.03356000  0.03343365
287 16.854375 -69.879167 -48.0543  15.54440104 0.00503000  0.00519112
288 17.045167 -46.094056  169.0783  58.57621346 0.02020100  0.01962595
289 17.166967 1.356898 -544.6757  59.04815986 0.01793200  0.01978479
290 17.104344 -23.505274 -125.3767  81.24481792 0.02683900  0.02726862
291 17.069875 -46.754028 -25.5762  68.30672537 0.02281600  0.02290327
292 17.095625 -47.098778 -25.5762  66.38675250 0.02216900  0.02225621
293 17.246667 32.634306 -604.7667  57.58151068 0.01723500  0.01929120
294 17.308458 32.151333 -348.7389  49.76840659 0.01548100  0.01666365
295 17.309 32.752139 -587.4117  56.64050852 0.01697800  0.01897457
296 17.250083 -45.348028 -261.9102  95.05077018 0.03103500  0.03193654
297 17.483625 20.771361 -398.1813  54.76771326 0.01699200  0.01834455
298 17.497458 32.368361 -604.7667  57.65297624 0.01725900  0.01931525
299 17.543375 43.108472 -415.3481  54.30419138 0.01677800  0.01818865
300 17.383172 -47.791891 -231.4705  78.15811135 0.02543400  0.02622635
301 17.589083 30.183833 -453.4369  72.45295648 0.02275200  0.02430126
302 17.523708 -35.490778 -147.2553  66.09253636 0.02165500  0.02215707
303 17.652333 33.1265 -601.9660  61.58672574 0.01859000  0.02063939
304 17.684625 33.558389 -601.9660  60.24446645 0.01813900  0.02018748
305 17.580417 -35.736389 -140.5045  36.80925059 0.01183800  0.01231244
306 17.659387 -0.278066 -544.6757  59.32794247 0.01802600  0.01987896
307 17.603083 -46.571333 -25.5762  66.90908930 0.02234500  0.02243223
308 17.704333 -1.756694 -318.4277  53.76195116 0.01692500  0.01800629
309 17.723917 -5.821528 -543.6058  62.73007079 0.01917300  0.02102440
310 17.775782 15.172119 -130.7916  114.74547916 0.03816000  0.03861312
311 17.75475 -30.438528 -284.1764  63.04048719 0.02016100  0.02112894
312 17.815793 -0.455942 -544.6757  58.37841828 0.01770700  0.01955938
313 17.84775 1.278667 -358.5570  71.08680488 0.02261600  0.02384053
314 17.878194 1.321126 -358.5570  71.02742314 0.02259600  0.02382051
315 17.802161 -58.839 -39.1982  48.43895311 0.01608400  0.01621687
316 18.040208 32.123167 -630.9736  56.28923312 0.01671200  0.01885639
317 18.043875 32.003694 -643.6016  58.64175354 0.01745900  0.01964800
318 17.96225 -55.857333  44.9086  52.71302733 0.01780600  0.01765356
319 18.130833 -2.793417 -537.5458  63.33498167 0.01939700  0.02122812
320 18.140336 0.293416 -546.0776  62.42787886 0.01906300  0.02092263
321 18.079333 -45.888417 -135.5472  80.73486165 0.02663200  0.02709639
322 18.079542 -50.401722 -107.6109  74.28095890 0.02455000  0.02491790
323 18.302039 34.965188  96.5152  46.26676061 0.01581400  0.01548707
324 18.443006 0.305726 -193.6477  133.67205773 0.04437400  0.04504904
325 18.518917 33.704194 -573.3988  62.83559010 0.01910700  0.02105993
326 18.61825 51.143972 -218.6341  98.86961785 0.03247600  0.03322952
327 18.609458 42.556306 -529.6488  64.18588496 0.01971000  0.02151473
328 18.542625 -1.853889 -318.4277  53.80064758 0.01693800  0.01801930
329 18.517083 -1.742278  60.7442  48.21645939 0.01634800  0.01614211
330 18.52925 -32.650889 -140.5045  37.14926351 0.01195200  0.01242650
331 18.491958 -62.399139 -78.7166  50.74537040 0.01672500  0.01699203
332 18.623958 -31.181444 -100.2350  56.23947169 0.01849900  0.01883965
333 18.734417 31.9485 -643.6016  58.06406430 0.01726500  0.01945359
334 18.790625 33.790694  456.7774  39.64291838 0.01480700  0.01326315
335 18.734417 0.130694  10.1240  123.10053955 0.04148700  0.04145183
336 18.760833 6.858333 -504.5092  60.20089435 0.01845600  0.02017281
337 18.765583 5.376139 -418.5673  57.13786135 0.01771900  0.01914192
338 18.874167 6.884167 -504.5092  60.12055414 0.01842900  0.02014576
339 18.966125 33.810722  456.7774  37.33953503 0.01403300  0.01249032
340 18.886167 -26.446833 -105.2636  37.95733854 0.01234200  0.01269758
341 19.061792 31.033833 -348.7389  52.96683973 0.01655500  0.01773890
342 18.968792 -54.554833  44.9086  53.84287046 0.01818600  0.01803350
343 19.246517 13.024961 -375.5761  65.07461452 0.02053400  0.02181412
344 19.188875 -52.434389 -226.1358  92.11076572 0.03016400  0.03094165
345 19.336 -33.840889 -179.3987  58.39844395 0.01895600  0.01956612
346 19.314875 -50.931278  29.5699  48.58146800 0.01636500  0.01626476
347 19.464875 -1.955861 -537.5458  64.71199516 0.01986000  0.02169195
348 19.536917 11.381778 -340.2621  55.16433263 0.01732200  0.01847796
349 19.667292 31.035972 -411.0472  72.20108551 0.02281200  0.02421631
350 19.792083 33.030556 -632.3359  61.89443673 0.01859000  0.02074300
351 19.768317 -0.138572 -538.0782  57.58526168 0.01746300  0.01929246
352 19.70175 -53.292639 -104.0764  74.96857176 0.02479400  0.02514989
353 20.061167 17.830222 -170.7905  88.21362844 0.02903700  0.02962357
354 20.028458 -0.205361 -148.6310  18.89870758 0.00581400  0.00631291
355 20.063949 -0.335842 -254.7830  141.31743850 0.04676400  0.04765436
356 20.191208 1.445222 -542.4550  59.49296341 0.01808900  0.01993451
357 20.26 2.96 -542.4550  58.76969464 0.01784600  0.01969106
358 20.334875 40.488194 -529.6488  63.85874130 0.01960000  0.02140453
359 20.29375 17.868611 -186.5659  86.78459324 0.02850000  0.02914045
360 20.283333 1.373333 -234.4426  51.88932759 0.01658100  0.01737661
361 20.22801 -36.32378 -191.8982  97.69908928 0.03217200  0.03283312
362 20.2705 -36.117833 -175.3357  96.63505364 0.03186900  0.03247285
363 20.338839 0.09039  114.9716  36.63440841 0.01264200  0.01225380
364 20.280256 -35.201977 -233.7466  61.38877947 0.01977700  0.02057274
365 20.324 -22.800667 -320.9691  62.13181694 0.01973000  0.02082293
366 20.449125 17.592417  42.6074  24.70392169 0.00839900  0.00825570
367 20.45792 18.267676 -186.5659  84.44272495 0.02770900  0.02834896
368 20.505711 37.400479 -577.3167  56.43112138 0.01694200  0.01890413
369 20.445208 5.256722 -77.4818  23.46063738 0.00757900  0.00783948
370 20.555417 33.260278  456.7774  38.55977467 0.01444300  0.01289970
371 20.571417 28.797928  340.2196  38.53241640 0.01404000  0.01289052
372 20.511966 5.367191 -77.4818  22.99148986 0.00742200  0.00768244
373 20.454917 -44.057528 -307.5635  74.46073034 0.02392700  0.02497855
374 20.49382 -34.144749 -186.6695  101.83472927 0.03359000  0.03423398
375 20.599064 -0.875207 -119.4692  82.12079288 0.02715500  0.02756449
376 20.730833 33.173889 -632.3359  60.79023310 0.01821900  0.02037121
377 20.6955 -1.392 -574.3565  62.97321782 0.01915000  0.02110628
378 20.798333 33.529167 -564.3434  65.48022678 0.02002700  0.02195077
379 20.810438 -0.70134 -151.7236  21.50440979 0.00667500  0.00718473
380 20.820844 -0.906035 -167.4843  78.89302297 0.02590100  0.02647446
381 20.907917 34.569167 -400.4501  73.56012554 0.02330600  0.02467472
382 20.811958 -32.841306 -117.3770  93.85510564 0.03112800  0.03153187
383 20.999167 33.907778 -630.9736  54.87722093 0.01623800  0.01838139
384 20.985208 -1.634917 -537.5458  64.37594772 0.01974700  0.02157875
385 21.01625 12.917389 -27.1718  24.94789699 0.00824600  0.00833739
386 21.035625 9.930528 -5.9690  24.05685910 0.00801900  0.00803907
387 21.090833 32.224167 -630.9736  57.31974800 0.01705800  0.01920312
388 20.874917 -56.687417  26.6584  53.30164846 0.01794200  0.01785149
389 21.109708 9.886556 -100.2108  108.59685571 0.03618000  0.03652648
390 21.124917 15.767444 -320.9138  53.54001181 0.01684200  0.01793165
391 21.142625 16.536917 -27.1718  24.41919134 0.00806900  0.00816037
392 21.187613 32.165722 -235.6060  104.74871412 0.03440800  0.03522158
393 21.206667 32.234444 -316.8234  107.91784403 0.03520100  0.03629617
394 21.146083 7.721167  1.1257  27.30340169 0.00913000  0.00912621
395 21.070708 -37.3355 -260.2947  105.02698648 0.03441700  0.03531591
396 21.191042 9.994639  1.1257  27.18397798 0.00909000  0.00908621
397 21.143792 -33.173528 -117.3770  93.16629023 0.03089500  0.03129878
398 21.223958 -1.500778  209.7667  45.28612725 0.01586800  0.01515769
399 21.212708 -1.6915 -538.0782  58.54678798 0.01778600  0.01961604
400 21.315417 34.359167 -426.3360  53.07532339 0.01632800  0.01777538
401 21.32225 9.264111 -5.9690  23.62670108 0.00787500  0.00789507
402 21.381099 32.136509 -348.7389  49.91734442 0.01553100  0.01671371
403 21.358542 -1.550639 -538.0782  59.91589753 0.01824600  0.02007687
404 21.302833 -35.816361 -282.2428  107.66245708 0.03523400  0.03620955
405 21.303375 -38.069083 -243.8730  67.15111099 0.02168200  0.02251379
406 21.38825 -1.811722 -414.0121  68.04040252 0.02140100  0.02281350
407 21.383458 -1.502611 -574.3565  63.41052234 0.01929700  0.02125357
408 21.368667 -38.267389 -171.7281  63.20979196 0.02060100  0.02118596
409 21.57875 34.753889 -655.6896  58.50511318 0.01737200  0.01960202
410 21.59075 34.703028 -655.6896  58.30559551 0.01730500  0.01953487
411 21.573875 -1.793389 -574.3565  61.43497937 0.01863300  0.02058829
412 21.560125 -6.094139 -222.2435  21.79423310 0.00653500  0.00728172
413 21.604792 -1.638722 -574.3565  61.04813059 0.01850300  0.02045804
414 21.645887 -1.112993 -503.5577  63.46352477 0.01955600  0.02127142
415 21.68125 -1.306222 -4.9542  50.03067693 0.01673500  0.01675180
416 21.677292 2.022361 -488.0985  63.54779412 0.01963700  0.02129980
417 21.759083 33.955444  460.2009  36.65026864 0.01381300  0.01225912
418 21.67625 -25.314972 -345.5549  19.50028379 0.00535400  0.00651416
419 21.789713 14.776272 -341.4361  67.58411578 0.02149500  0.02265972
420 21.838375 11.975583 -96.1996  94.69492216 0.03148500  0.03181610
421 21.725749 -36.556218 -233.7466  61.18963173 0.01971000  0.02050568
422 21.895292 31.554722  448.7703  35.77083085 0.01347900  0.01196415
423 21.919417 37.182917 -577.3167  57.55373167 0.01731900  0.01928185
424 21.772595 -35.856022 -233.7466  62.39036973 0.02011400  0.02091000
425 21.899594 -1.105117  180.4218  42.51933733 0.01483900  0.01422861
426 22.00375 32.033111 -492.6736  68.82007696 0.02139500  0.02307631
427 21.907417 -21.643083 -243.0422  56.86214413 0.01822300  0.01904914
428 21.979333 -1.640611 -535.2546  61.80356166 0.01889000  0.02071240
429 22.078167 34.308639  96.5152  45.59118017 0.01558700  0.01526015
430 22.054 -1.915528 -4.9542  47.93575988 0.01603100  0.01604779
431 22.042417 -1.306028  209.7667  43.05129673 0.01511700  0.01440721
432 22.221907 13.79379 -341.4361  66.48492912 0.02112500  0.02228929
433 22.305458 33.66825 -492.6736  70.77202418 0.02205200  0.02373439
434 22.232417 -1.819194  209.7667  45.58365002 0.01596800  0.01525762
435 22.244325 -0.948996 -517.9952  60.26901273 0.01843300  0.02019574
436 22.296167 11.140694 -390.9285  61.65965913 0.01933300  0.02066394
437 22.336667 32.064361 -650.1788  57.05851960 0.01690500  0.01911522
438 22.262833 -35.598917 -104.9631  57.99374279 0.01907300  0.01942992
439 22.446083 45.599028 -378.9337  55.84409071 0.01741900  0.01870663
440 22.442625 32.021139 -508.5978  68.20891557 0.02113500  0.02287030
441 22.499458 40.973806  85.5374  27.17166382 0.00937000  0.00908209
442 22.583042 17.021583 -282.9333  131.07700440 0.04318000  0.04416545
443 22.522583 -42.686306 -211.0056  69.05689833 0.02243600  0.02315614
444 22.621202 -22.667368 -305.4366  19.33663479 0.00543400  0.00645941
445 22.73025 17.188556  67.6353  27.27093481 0.00934300  0.00911534
446 22.7425 14.108333 -50.8469  45.55856812 0.01507700  0.01524919
447 22.696375 -23.587889 -334.8952  61.01513143 0.01930700  0.02044693
448 22.682583 -51.141917 -114.6263  37.39859404 0.01212300  0.01251014
449 22.860833 14.2775 -50.8469  45.17144807 0.01494700  0.01511917
450 22.991875 33.476528  503.9852  38.24585883 0.01449700  0.01279438
451 22.894417 -41.531222 -158.5635  64.63307921 0.02112500  0.02166537
452 23.111041 -34.6092  26.1854  52.56302021 0.01769200  0.01760312
453 23.323658 13.332025  66.4730  26.93336827 0.00922600  0.00900227
454 23.3275 3.070556 -148.6310  18.56970329 0.00570400  0.00620285
455 23.426167 3.543222  95.9599  34.10117561 0.01172800  0.01140426
456 23.720292 55.402333 -359.0734  60.90301779 0.01918700  0.02040918
457 23.510258 -1.075769  209.7667  44.11077937 0.01547300  0.01476296
458 23.533209 -1.032286 -29.8615  49.13044625 0.01634800  0.01644925
459 23.501 -34.387389 -20.7737  38.18863560 0.01270500  0.01277518
460 23.553792 -25.5665 -340.8131  60.79551251 0.01921300  0.02037299
461 23.645625 -15.504389 -260.2966  56.86705423 0.01816600  0.01905080
462 23.2005 -79.474319 -39.7023  18.04464786 0.00589400  0.00602723
463 23.773667 -7.340306 -233.2513  20.69661954 0.00613100  0.00691442
464 23.911886 -41.287941 -221.4268  74.81221687 0.02434000  0.02509714
465 24.234292 31.985306 -431.7241  70.17464795 0.02205900  0.02353297
466 24.115125 -36.377417  26.1854  53.49672145 0.01800600  0.01791709
467 24.515292 32.494139 -635.7914  60.66748180 0.01816600  0.02032989
468 24.644958 34.992111 -374.5920  51.45931379 0.01596100  0.01723204
469 24.586875 7.534139  145.2961  41.40825271 0.01434700  0.01385563
470 24.618708 -33.607944 -119.7826  90.05317526 0.02983400  0.03024564
471 24.879833 33.824389 -374.5920  51.96560030 0.01613100  0.01740225
472 24.888042 35.159833 -579.0706  57.33328333 0.01723900  0.01920767
473 24.746021 -29.925329 -332.8349  61.92490869 0.01962000  0.02075326
474 24.140417 -80.347222 -79.6785  43.88361545 0.01441700  0.01468668
475 24.720667 -42.585278  28.0270  61.73282123 0.02078400  0.02068858
476 25.03625 5.726694  95.9599  32.05254470 0.01104100  0.01071748
477 25.116542 34.625306 -639.3711  61.29012174 0.01836300  0.02053952
478 24.987625 -28.696667 -332.8349  62.14491028 0.01969400  0.02082734
479 25.115958 -5.520556 -151.7236  22.75997362 0.00709500  0.00760494
480 25.089958 -28.91275 -230.5223  58.92733552 0.01896000  0.01974412
481 25.279625 -5.568111 -205.4016  16.99456620 0.00498700  0.00567603
482 25.35185 8.525527  145.2961  41.38740873 0.01434000  0.01384863
483 25.478875 7.121333 -415.3990  58.66508680 0.01824300  0.01965586
484 25.54025 12.601889  66.4730  29.14494239 0.00996700  0.00974311
485 25.455458 -28.247222 -332.8349  60.95264973 0.01929300  0.02042589
486 25.676292 -18.226917 -99.4608  49.98163175 0.01639800  0.01673532
487 25.76 13.645056 -282.3641  11.30580977 0.00282900  0.00377442
488 24.698958 -83.364306 -193.4189  51.01061839 0.01642500  0.01708120
489 25.739667 4.200167 -453.3504  60.03997349 0.01857600  0.02011864
490 25.809083 8.889361 -394.4472  59.09569235 0.01845900  0.01980079
491 25.799625 4.278722 -453.3504  60.42672625 0.01870600  0.02024883
492 25.775583 -44.214778 -137.0109  64.45355075 0.02113800  0.02160489
493 25.940875 4.222889 -415.3990  58.27827764 0.01811300  0.01952568
494 25.882833 -44.161667 -227.7485  66.04633803 0.02136500  0.02214151
495 26.0725 12.254444 -230.1067  103.80398141 0.03410700  0.03490134
496 26.085917 17.477583 -110.0756  46.98080667 0.01535400  0.01572695
497 26.159875 34.660222 -639.3711  62.99536461 0.01893600  0.02111374
498 26.208333 21.882417 -314.3474  107.44098388 0.03504800  0.03613444
499 26.11975 -40.664611 -215.7211  101.77632090 0.03347000  0.03421419
500 26.422 28.805528 -237.9333  80.36080083 0.02615500  0.02697007
501 26.46575 35.110917 -639.3711  62.84658300 0.01888600  0.02106364
502 26.398667 3.357528 -371.9122  56.90396047 0.01779900  0.01906321
503 26.295 -41.88 -246.4737  65.80824607 0.02122100  0.02206129
504 25.389083 -83.212222 -128.1938  47.40182374 0.01543400  0.01586839
505 26.47875 9.822944 -280.3213  54.69822569 0.01736900  0.01832118
506 26.408542 -34.523333 -13.6128  84.26733073 0.02824300  0.02828969
507 26.594458 36.460306  377.6997  41.02454569 0.01500400  0.01372684
508 26.706385 24.465252  234.6142  28.79801016 0.01041700  0.00962688
509 26.711629 11.401548 -248.7124  54.50669495 0.01741200  0.01825676
510 26.746553 13.125124 -344.6521  58.30625854 0.01836300  0.01953509
511 26.817292 35.563306  119.9118  45.36727737 0.01559100  0.01518494
512 26.804708 -40.658056 -194.7779  101.25580018 0.03336600  0.03403782
513 27.029441 36.453242 -53.3372  46.97415192 0.01554400  0.01572471
514 26.950333 -16.722 -205.3645  53.58362762 0.01724900  0.01794632
515 26.935375 -33.6015 -56.3885  86.45947468 0.02883700  0.02903055
516 27.0935 11.521308 -248.7124  54.14068315 0.01728900  0.01813366
517 27.139463 13.430714 -300.7734  52.99710227 0.01672800  0.01774908
518 27.157696 13.76889 -3.3090  47.77035286 0.01598100  0.01599221
519 27.312458 20.711306  147.8861  25.94845517 0.00917000  0.00867243
520 27.35725 35.452889  541.0796  35.88811426 0.01383000  0.01200349
521 27.156 -48.821111 -147.9804  64.22895421 0.02102500  0.02152924
522 27.353407 13.368957 -3.3090  45.94266408 0.01536700  0.01537821
523 27.515 16.439167 -197.6191  51.54714884 0.01659100  0.01726157
524 27.551417 27.196167  327.0348  31.65007881 0.01168500  0.01058258
525 27.446417 -21.9075  6.2957  117.29567080 0.03950100  0.03947917
526 27.465708 -27.466611 -35.9533  42.32873652 0.01404300  0.01416463
527 27.684083 35.284528  541.0796  35.93573484 0.01384600  0.01201946
528 27.628542 6.145222 -139.7287  17.03254613 0.00522000  0.00568874
529 27.695125 32.546694 -499.2524  117.46641694 0.03780600  0.03953717
530 27.699583 35.93275 -374.5920  52.27530904 0.01623500  0.01750638
531 27.673833 21.759917  148.9254  25.11120021 0.00889300  0.00839207
532 27.721667 18.302778 -349.9642  54.99456287 0.01723200  0.01842086
533 27.682 -12.035667 -360.6066  58.46767351 0.01836300  0.01958942
534 27.785667 21.912806  147.8861  27.86734997 0.00981300  0.00931511
535 27.82825 34.872861 -327.8770  53.59848674 0.01683800  0.01795131
536 27.823167 34.848694  232.0854  44.38587926 0.01564100  0.01485535
537 27.766 -9.702611 -227.3514  20.55659932 0.00610400  0.00686757
538 27.823208 22.357972  234.6142  28.46992002 0.01030700  0.00951696
539 27.871458 36.065944 -558.0802  58.52901055 0.01771200  0.01961006
540 27.782918 -9.792037 -36.3710  128.12145832 0.04303300  0.04315956
541 27.868208 -6.516611 -131.9017  22.58176490 0.00710200  0.00754530
542 28.002 35.639083 -327.8770  52.71430928 0.01654100  0.01765399
543 28.0115 36.131028 -556.2052  65.91512913 0.02020100  0.02209730
544 27.980417 8.831389 -345.8159  56.98814528 0.01791600  0.01909154
545 28.090625 35.796194  541.0796  35.42081889 0.01367300  0.01184677
546 27.979792 -24.316639 -52.0016  90.96118962 0.03037400  0.03055276
547 28.239417 36.512889 -558.0802  55.64975837 0.01674500  0.01864126
548 28.204167 -3.446833 -128.3398  51.13623919 0.01668800  0.01712343
549 28.248671 12.708469  11.0777  45.32126149 0.01520700  0.01516949
550 28.136792 -35.839667 -146.4068  99.50196590 0.03293900  0.03344369
551 28.345667 36.955139 -558.0802  57.97231611 0.01752500  0.01942271
552 28.373542 36.221306  377.6997  39.29848306 0.01442400  0.01314757
553 28.1935 -48.891222 -30.1317  61.95560709 0.02066100  0.02076360
554 28.472509 36.585084 -599.5007  63.24884286 0.01915700  0.02119911
555 28.461167 36.564194 -599.5007  63.24884286 0.01915700  0.02119911
556 28.479625 36.229417 -558.0802  57.27861374 0.01729200  0.01918928
557 28.515322 14.909537 -154.7055  52.28631062 0.01698500  0.01751008
558 28.5825 36.629806 -558.0802  56.57292600 0.01705500  0.01895184
559 28.556292 18.101778 -306.0634  52.21698896 0.01644800  0.01748677
560 28.601695 13.541129 -205.5267  64.08067389 0.02077900  0.02147929
561 28.630076 17.674247 -151.1578  70.04439908 0.02297300  0.02348905
562 28.689417 39.383528 -580.8399  61.61075826 0.01867000  0.02064748
563 28.64375 16.866667 -289.8165  53.88947242 0.01706500  0.01804917
564 28.600167 5.421889 -109.0727  50.38520179 0.01650100  0.01687097
565 28.657167 17.0758 -110.0756  48.57963253 0.01589100  0.01626414
566 28.724125 36.917944 -616.3469  62.20856377 0.01875000  0.02084878
567 28.740208 37.343  377.6997  42.04508859 0.01534700  0.01406940
568 28.74475 35.422806  416.2403  42.11539183 0.01550100  0.01409300
569 28.757833 36.919917 -616.3469  62.20856377 0.01875000  0.02084878
570 28.670833 6.034917 -194.0622  54.16270314 0.01748200  0.01814106
571 28.795 36.260722  416.2403  41.05333856 0.01514400  0.01373650
572 28.80825 35.458556 -636.7862  63.23696373 0.01902600  0.02119511
573 28.838458 36.306917  416.2403  39.34536094 0.01457000  0.01316330
574 28.592208 -49.260583 -30.1317  59.36819372 0.01979000  0.01989251
575 28.778833 5.373583 -324.1980  58.11718711 0.01836900  0.01947146
576 28.816 10.013667 -288.5245  61.66667108 0.01968400  0.02066630
577 28.841829 6.611847 -194.0622  53.39802216 0.01722500  0.01788390
578 29.013542 17.532056 -175.0660  83.28055524 0.02735600  0.02795628
579 29.036917 17.641278 -205.9470  114.57857826 0.03784300  0.03855645
580 29.099208 37.215861  416.2403  40.38686389 0.01492000  0.01351281
581 29.087875 37.452194 -310.2473  52.61652888 0.01656800  0.01762111
582 29.063476 13.165849 -152.5355  77.74256634 0.02556400  0.02608608
583 29.046244 6.744941 -194.0622  52.61539531 0.01696200  0.01762073
584 29.070625 4.647139 -88.3541  50.45580376 0.01659500  0.01689470
585 29.182833 36.384528  39.0126  47.39411286 0.01599800  0.01586580
586 29.191917 36.886389 -616.3469  60.70862074 0.01824600  0.02034374
587 29.0945 -9.061417 -227.3514  18.65111595 0.00546700  0.00623009
588 29.178708 17.710722 -205.9470  115.41261498 0.03812600  0.03883965
589 29.181375 15.014806  41.4661  46.14611482 0.01558700  0.01544655
590 29.228625 33.015167  232.0854  43.49317235 0.01534100  0.01455558
591 29.2225 -2.018972  139.5824  42.87410990 0.01482000  0.01434772
592 29.290775 14.54988 -310.5734  81.93713059 0.02643800  0.02750245
593 29.272233 -0.46826 -276.2012  69.38796930 0.02232500  0.02326774
594 29.412167 36.255361  416.2403  41.05333856 0.01514400  0.01373650
595 29.185375 -43.972583 -59.1835  57.74802734 0.01914600  0.01934723
596 29.425833 35.916111 -327.8770  51.71388236 0.01620500  0.01731762
597 29.335622 4.348465  59.2445  47.70490900 0.01617100  0.01597023
598 29.499583 4.395056  59.2445  46.88059266 0.01589400  0.01569328
599 29.535667 2.0645 -291.9293  65.53779933 0.02097500  0.02197017
600 29.452667 -33.239806 -253.1357  58.80814993 0.01884300  0.01970401
601 29.625167 25.360111 -408.3874  53.09338615 0.01639500  0.01778146
602 29.502375 -35.572583 -151.9503  99.99260765 0.03308600  0.03360989
603 29.494792 -38.019444 -165.8553  111.86715139 0.03706200  0.03763606
604 29.728625 36.674694  39.0126  47.81074310 0.01613800  0.01600579
605 29.777833 36.063 -616.3469  60.69969147 0.01824300  0.02034073
606 29.553542 -39.54475 -123.8485  56.34131683 0.01845300  0.01887391
607 29.789375 25.385722 -408.3874  54.53153201 0.01687800  0.01826512
608 29.815542 24.416611  353.5192  35.47754455 0.01305900  0.01186579
609 29.716375 -8.16225  12.8792  47.56838564 0.01596800  0.01592436
610 29.87902 13.943774  41.4661  45.52100459 0.01537700  0.01523658
611 29.980375 24.312222 -408.3874  54.82924490 0.01697800  0.01836525
612 30.062333 24.252778 -181.7001  50.10640283 0.01616100  0.01677725
613 30.079417 24.473694 -408.3874  53.22143278 0.01643800  0.01782451
614 30.097375 24.580556 -408.3874  54.58214416 0.01689500  0.01828214
615 30.042165 -35.410944 -194.6824  105.67753826 0.03486400  0.03553647
616 30.2455 8.311167  109.8535  45.85554341 0.01572100  0.01534894
617 30.300792 19.67525  67.9423  23.60433764 0.00811600  0.00788758
618 30.228833 -31.919778 -181.1479  56.43273313 0.01828900  0.01890467
619 30.276864 -6.815517  100.8100  39.64032021 0.01360300  0.01326227
620 30.310625 -34.363028 -25.2102  48.13116115 0.01602800  0.01611345
621 30.549358 -0.130432 -357.9108  62.62472530 0.01977000  0.02098892
622 30.550125 -28.657444 -102.6638  50.85915694 0.01668200  0.01703028
623 30.9015 48.45525 -437.3865  78.33870175 0.02479000  0.02628732
624 30.728792 7.523861 -183.7039  77.31771018 0.02531400  0.02594267
625 30.498708 -58.570778 -131.9023  64.83841074 0.02128500  0.02173454
626 30.77175 2.61425 -291.9293  66.51814618 0.02130500  0.02230049
627 30.936792 38.258722 -602.4809  63.51704847 0.01923700  0.02128944
628 30.921083 26.276917 -408.3874  54.07600481 0.01672500  0.01811191
629 30.904208 15.746861 -219.7251  81.50050134 0.02660200  0.02735497
630 30.898042 4.785722  59.2445  46.78238194 0.01586100  0.01566029
631 30.93625 16.030972 -1.4066  20.99039792 0.00700800  0.00701272
632 31.020542 2.786833 -240.6401  65.29468904 0.02106800  0.02188826
633 30.985833 -23.311611 -183.4296  51.30562027 0.01655800  0.01718037
634 31.231292 43.155 -272.5057  92.36358862 0.03009000  0.03102718
635 30.955875 -52.447694 -213.4377  64.95094576 0.02104500  0.02177245
636 31.313792 37.63375 -310.2473  54.80135286 0.01730200  0.01835587
637 31.312417 30.004833 -500.4016  57.19202534 0.01745900  0.01916014
638 31.361 31.175333 -603.8832  58.60576003 0.01758200  0.01963589
639 31.3905 34.880944  416.2403  39.81256996 0.01472700  0.01332008
640 31.308292 9.92525 -234.9238  79.53892585 0.02588800  0.02669254
641 31.3615 13.327083 -89.3447  75.75896062 0.02511100  0.02541660
642 31.337458 8.526139 -206.5243  59.40710020 0.01920300  0.01990560
643 30.636917 -79.670389 -36.3686  46.25817813 0.01536100  0.01548419
644 31.513 9.295556 -319.7826  95.03659330 0.03083100  0.03193174
645 31.653375 1.515694 -261.2448  70.45653329 0.02273600  0.02362801
646 31.784625 42.965722 -449.0917  60.21701372 0.01865000  0.02017824
647 31.568208 -41.523083 -68.2179  54.26266826 0.01794300  0.01817469
648 31.652375 -31.777833 -185.8071  107.56709309 0.03553500  0.03617721
649 31.801042 8.978028 -288.4955  82.67298064 0.02676200  0.02775102
650 31.586583 -52.028083  30.7125  58.24820006 0.01962000  0.01951555
651 31.869417 9.168306 -321.5576  93.64373861 0.03035400  0.03146035
652 31.4295 -71.115472  74.0533  80.18689096 0.02716500  0.02691134
653 32.12875 18.995333 -359.1592  55.45363018 0.01735500  0.01857528
654 32.238694 47.219905 -33.8643  49.93560533 0.01660500  0.01671985
655 32.104082 14.349556  41.4661  43.61553644 0.01473700  0.01459667
656 32.1855 38.777194  550.8968  36.75966642 0.01415600  0.01229581
657 32.115583 6.394917  109.1873  33.97409135 0.01173000  0.01136165
658 32.134833 6.323722  97.6840  32.89111611 0.01132800  0.01099858
659 32.086625 -24.547639 -94.1893  96.59822445 0.03213600  0.03246038
660 32.234417 7.971472  123.4997  33.30838023 0.01155500  0.01113846
661 32.26 6.159167  97.6840  32.12468109 0.01107100  0.01074166
662 31.927708 -65.928028  30.5703  79.95873186 0.02693900  0.02683429
663 32.4855 38.178389 -616.3469  61.49137259 0.01850900  0.02060728
664 32.325333 -23.415083 -230.3519  55.45173853 0.01779200  0.01857464
665 32.36785 -9.680325 -227.3514  21.56445809 0.00644100  0.00720483
666 32.487 16.032722 -277.9782  84.69912652 0.02748200  0.02843560
667 32.576917 38.593528 -358.8045  75.64225954 0.02415000  0.02537722
668 32.474917 10.961083  23.5680  45.38587908 0.01527100  0.01519119
669 32.231083 -56.737056 -189.4379  65.79503584 0.02141100  0.02205683
670 32.537083 7.645861  123.4997  33.01915706 0.01145800  0.01104150
671 32.567539 7.845311 -144.8150  73.76847841 0.02425000  0.02474500
672 32.560166 -9.711039 -211.1381  22.14014882 0.00668800  0.00739749
673 32.525542 -32.939861 -90.1499  34.30366961 0.01116800  0.01147216
674 32.567708 -22.4315 -230.3519  57.89375711 0.01861300  0.01939627
675 32.749583 32.730611 -571.6691  122.80023104 0.03936400  0.04134973
676 32.749 37.823861  550.8968  37.94095361 0.01455300  0.01269208
677 32.755375 37.666278  39.0126  45.37903138 0.01532100  0.01518889
678 32.79875 38.757806 -399.0139  75.75361789 0.02405000  0.02541479
679 32.822333 37.497167  416.2403  41.10094129 0.01516000  0.01375248
680 32.761333 17.199583  76.7223  42.20613455 0.01438300  0.01412347
681 32.665292 -22.652306 -203.0151  54.08357510 0.01742500  0.01811445
682 32.662108 -40.918076 -300.6827  17.15209170 0.00472000  0.00572872
683 32.894875 31.509861 -302.2475  52.70537788 0.01662500  0.01765098
684 32.855333 15.898806 -79.6626  78.44653658 0.02605100  0.02632372
685 32.727708 -39.365861 -68.2179  52.74280583 0.01743200  0.01766357
686 32.989208 29.313889 -251.2743  51.48482124 0.01638800  0.01724061
687 32.93325 -6.490361 -201.6495  52.22479339 0.01680500  0.01748939
688 33.082458 37.477333  550.8968  38.63712866 0.01478700  0.01292565
689 32.878125 -35.835111 -273.3288  64.67500193 0.02074800  0.02167949
690 32.943542 -18.266083 -173.4150  51.78188033 0.01675200  0.01734048
691 32.942516 -19.922887 -72.6875  43.96206904 0.01446700  0.01471303
692 32.984708 -20.376111 -5.0720  92.39686727 0.03102100  0.03103844
693 32.671625 -75.037694  88.7729  79.93104270 0.02712900  0.02682494
694 33.297042 9.511028 -331.3056  84.97445208 0.02739200  0.02852864
695 33.22775 -19.316889 -200.9237  26.51497687 0.00818600  0.00886215
696 33.39125 25.8555 -216.3656  49.89968867 0.01597400  0.01670778
697 33.362333 9.611167 -224.2742  136.93813558 0.04537900  0.04616163
698 33.409409 16.593951 -299.7654  113.06892619 0.03700600  0.03804395
699 33.358372 -18.833289 -215.2212  105.65966461 0.03478700  0.03553041
700 33.453625 16.796944 -360.7137  110.82697354 0.03603500  0.03728307
701 33.517833 16.455889 -277.9782  84.44439195 0.02739600  0.02834952
702 33.71075 31.470583 -603.8832  58.64744164 0.01759600  0.01964992
703 33.60775 -7.368472 -201.6495  51.89740294 0.01669500  0.01737932
704 33.837667 49.844167 -262.0862  122.78740262 0.04043500  0.04134537
705 33.553708 -31.149333 -22.1526  37.01007836 0.01230500  0.01237981
706 33.7675 32.724861  385.0743  40.42365438 0.01482700  0.01352516
707 33.649417 -7.310111 -126.3948  126.92541888 0.04231300  0.04275263
708 33.299083 -70.913083  74.0533  78.76565278 0.02668500  0.02643146
709 33.835917 22.006111  114.1545  42.88314714 0.01473700  0.01435076
710 33.738625 -20.211778 -305.9113  19.13493522 0.00536500  0.00639193
711 33.975583 42.823889 -449.0917  61.15704105 0.01896600  0.02049471
712 33.933708 25.206583 -325.0563  53.93908951 0.01696200  0.01806586
713 33.855125 -17.781056 -24.2271  43.25313909 0.01439300  0.01447498
714 34.053292 32.6495 -302.2475  51.04698761 0.01606800  0.01709342
715 34.062958 28.599722  264.0887  27.22836403 0.00999000  0.00910108
716 33.958167 -31.201 -54.5910  35.66979300 0.01174600  0.01193027
717 34.0435 -11.926722 -227.3514  21.15475368 0.00630400  0.00706772
718 34.294708 14.547833  148.0644  35.80375553 0.01247500  0.01197520
719 34.472129 14.521266  165.0443  37.16455894 0.01298900  0.01243163
720 34.4985 14.544056  165.0443  37.38205493 0.01306200  0.01250459
721 34.478917 -34.80325 -259.5177  65.13826788 0.02095100  0.02183556
722 34.683958 30.502333  70.6789  46.37841325 0.01576400  0.01552458
723 34.510542 -27.818306 -164.1044  50.57470310 0.01637800  0.01693466
724 34.7325 15.156944  165.0443  36.10080989 0.01263200  0.01207482
725 34.688625 -6.639083 -175.7073  54.10517713 0.01752500  0.01812172
726 34.645917 -25.756611 -198.1780  108.37182164 0.03576500  0.03645015
727 34.737917 4.815 -80.7157  58.58089753 0.01935300  0.01962752
728 34.813669 -18.93225 -305.9113  19.13194289 0.00536400  0.00639093
729 34.969667 29.03625 -412.7468  53.83126846 0.01662800  0.01802960
730 34.871304 -21.435918 -305.9113  19.01224826 0.00532400  0.00635089
731 34.885875 -16.069722 -81.4948  43.80064666 0.01438300  0.01465882
732 35.083083 8.03825 -155.6144  73.02672584 0.02396300  0.02449479
733 35.025458 -19.750722 -200.9237  25.33762404 0.00779200  0.00846788
734 34.483875 -76.08125  11.9240  82.08123834 0.02759200  0.02755113
735 34.994083 -41.403139 -239.1470  62.84027111 0.02024700  0.02106151
736 35.326958 13.718 -209.9887  80.01785621 0.02613500  0.02685426
737 35.355125 25.422833 -7.9154  45.18523629 0.01509700  0.01512380
738 35.064917 -58.708222 -72.3832  89.94703370 0.02996100  0.03020974
739 35.4435 33.020833  536.8211  33.95432458 0.01316600  0.01135502
740 35.37925 14.198861  148.0644  35.84547870 0.01248900  0.01198919
741 35.452083 16.874667  165.0443  37.87958705 0.01322900  0.01267150
742 35.552125 28.73475 -16.7161  47.89665974 0.01597800  0.01603465
743 35.639224 42.349146 -372.0909  9.00533979 0.00176100  0.00300589
744 35.670417 28.256972 -412.7468  54.84356061 0.01696800  0.01837007
745 35.26449 -63.624516 -46.0742  58.87562926 0.01957000  0.01972672
746 35.49575 -37.454944 -46.9747  49.25253147 0.01633100  0.01649027
747 35.88275 25.465083 -530.8691  117.37685501 0.03766600  0.03950675
748 35.757958 -20.712056 -305.9113  19.73038343 0.00556400  0.00659114
749 35.769042 -21.233861 -244.2799  17.48062229 0.00501900  0.00583859
750 35.966417 25.542056 -441.4815  55.39319017 0.01705500  0.01855495
751 35.981583 27.492806 -668.6885  113.01699521 0.03571100  0.03802632
752 36.175625 25.561083 -331.6007  99.15142039 0.03218200  0.03332496
753 36.103375 -2.162361 -200.5768  15.82693005 0.00461300  0.00528559
754 36.31492 45.451259 -205.0243  53.78847958 0.01731900  0.01801521
755 36.16925 -19.142028 -237.7089  102.76822602 0.03373000  0.03455031
756 36.410153 23.000809  289.8739  38.90787860 0.01399600  0.01301650
757 36.521583 42.144083 -509.9167  60.28540465 0.01846600  0.02020126
758 36.461825 18.49625 -104.2383  16.11698310 0.00503300  0.00538257
759 36.368083 -25.637917 -164.1044  49.94065941 0.01616500  0.01672155
760 36.606917 22.995944 -582.1463  107.04969239 0.03399000  0.03600174
761 36.527958 -0.331932 -125.4907  64.85073071 0.02131100  0.02173869
762 36.734917 20.533  152.2758  40.48331994 0.01406000  0.01354518
763 36.63925 -15.847528 -22.3179  68.72768091 0.02296900  0.02304516
764 36.820333 33.579167 -355.1340  9.08707314 0.00184500  0.00303319
765 36.772375 -19.094556 -237.7089  101.30033492 0.03323300  0.03405291
766 36.886542 -10.165639 -187.0913  22.80742025 0.00699200  0.00762083
767 37.060317 31.311658 -277.7711  52.50865551 0.01664200  0.01758484
768 37.092208 23.214667 -243.8732  66.16804990 0.02135100  0.02218252
769 37.113708 15.607083  92.3619  39.74325583 0.01360900  0.01329682
770 37.344917 47.490528 -407.5038  56.89796138 0.01767600  0.01906120
771 37.226208 25.344306 -327.1335  55.21016011 0.01738200  0.01849338
772 37.245125 28.145528 -199.4456  12.14241859 0.00338600  0.00405398
773 37.137678 -18.982092 -206.7484  51.37146300 0.01650100  0.01720250
774 37.138 -19.042111 -206.7484  51.42206574 0.01651800  0.01721951
775 37.021917 -47.856222 -66.2131  55.47053608 0.01835600  0.01858097
776 37.189458 -10.513889 -25.7199  44.97765239 0.01496700  0.01505408
777 37.359292 20.21725  74.2074  40.70355785 0.01387000  0.01361910
778 37.215125 -41.402667 -140.4619  54.67422819 0.01783600  0.01831311
779 37.279708 -30.997028 -135.2465  50.60777050 0.01648700  0.01694578
780 37.475167 25.256361 -37.7624  19.48123062 0.00638100  0.00650778
781 37.640292 32.176222  13.1982  47.43421428 0.01592400  0.01587928
782 37.702708 37.136778 -355.1340  9.64456225 0.00203100  0.00321941
783 37.597337 -20.683723 -206.7484  50.37123360 0.01616500  0.01686627
784 37.715 3.852222 -33.1808  64.67080383 0.02156500  0.02167808
785 37.650917 -31.596194 -102.5773  46.99448910 0.01538400  0.01573154
786 37.859 1.346278 -202.6801  74.59244168 0.02433000  0.02502299
787 37.969167 19.153056 -209.4210  11.81124177 0.00324200  0.00394331
788 37.998238 0.909985 -165.5700  66.81836622 0.02183700  0.02240165
789 38.22425 23.327611 -217.9903  57.56058749 0.01854300  0.01928416
790 38.072958 -35.030222 -330.2014  23.44745000 0.00672500  0.00783506
791 38.32575 22.393833 -217.9903  56.26978037 0.01810900  0.01884984
792 38.40525 32.537333 -194.2569  98.00087459 0.03226600  0.03293531
793 38.176585 -33.002707 -140.0713  107.23646111 0.03558100  0.03606508
794 38.316164 -11.7449 -25.7199  44.76027126 0.01489400  0.01498108
795 38.379389 6.527797 -374.7857  85.23864432 0.02733200  0.02861793
796 38.411333 6.473306 -374.7857  86.59244446 0.02778900  0.02907550
797 38.484566 0.923684 -165.5700  67.13011741 0.02194200  0.02250671
798 38.583792 32.505611  13.1982  48.24073168 0.01619500  0.01615026
799 38.602125 -10.843722 -180.1080  49.23588200 0.01587400  0.01648468
800 38.792125 20.851472  32.0881  42.19120188 0.01422700  0.01411845
801 38.724333 -13.658306 -197.8590  49.47463726 0.01589400  0.01656492
802 38.931 11.465556 -264.6180  80.75027157 0.02619500  0.02710159
803 39.040417 23.899119 -296.5425  59.25616301 0.01884600  0.01985480
804 39.067292 25.423833 -280.2378  9.88537312 0.00236200  0.00329986
805 39.004019 0.42021 -26.0724  26.34951041 0.00871900  0.00880673
806 39.126125 32.715333  278.9666  43.98215124 0.01566400  0.01471977
807 39.027875 1.553639 -137.4816  68.85529508 0.02261900  0.02308818
808 39.098417 0.708528 -137.4816  66.91398720 0.02196500  0.02243388
809 39.13175 7.3095 -0.5153  60.94332084 0.02042100  0.02042275
810 39.231833 11.086972 -264.6180  81.28370998 0.02637500  0.02728175
811 39.244333 -5.349222  44.4802  43.62387201 0.01475000  0.01459946
812 39.237917 -29.190639 -162.1630  50.88251599 0.01648800  0.01703813
813 39.351 -1.821472 -265.2938  88.17682473 0.02870000  0.02961113
814 39.38725 1.652 -224.8080  74.48167855 0.02421700  0.02498561
815 39.494525 -1.844049 -265.2938  87.42488188 0.02844600  0.02935690
816 39.402458 -32.924444 -54.3029  45.92096660 0.01518700  0.01537092
817 39.715867 27.847294  71.1936  44.99511015 0.01530100  0.01505995
818 39.795958 41.245639  505.3864  39.40107353 0.01489000  0.01318199
819 39.820375 40.872306 -355.1340  9.79441691 0.00208100  0.00326947
820 39.731792 9.097361  71.9797  50.32537442 0.01709500  0.01685086
821 39.727667 -14.305556 -144.8920  46.88539347 0.01520400  0.01569489
822 39.86875 12.679722  157.8858  33.84803592 0.01185200  0.01131939
823 39.850667 1.962389 -137.4816  67.58787143 0.02219200  0.02266098
824 39.904792 10.843667 -362.4373  89.10547755 0.02868000  0.02992514
825 39.960833 18.024278 -122.7943  86.17515605 0.02851300  0.02893445
826 40.058 17.882556 -124.8543  86.81760239 0.02872300  0.02915161
827 39.927083 -21.239944 -138.5702  46.84245554 0.01521100  0.01568047
828 40.230292 8.595778  125.2173  52.79444920 0.01810600  0.01768094
829 40.479458 32.088222  278.9666  42.64317127 0.01521400  0.01427019
830 40.438458 0.443167 -209.4210  12.05081264 0.00332200  0.00402336
831 40.475917 5.948056  100.7611  62.31577285 0.02122800  0.02088488
832 40.551947 -19.829718 -34.0854  78.48791805 0.02622100  0.02633769
833 40.797167 40.42675  593.9110  37.41051531 0.01452000  0.01251413
834 40.757458 8.130222 -289.1614  116.43939166 0.03818600  0.03918834
835 40.874989 37.341338 -355.1340  8.75735322 0.00173500  0.00292306
836 40.858167 31.470889 -238.0388  53.20848674 0.01701200  0.01782016
837 40.934021 32.495925  583.9636  35.29659545 0.01377600  0.01180511
838 40.978667 33.168444 -499.9161  59.66935884 0.01829300  0.01999388
839 40.826651 -23.840936 -119.7683  69.08247312 0.02275600  0.02316476
840 40.954583 6.642917  142.1650  59.39149732 0.02038400  0.01990035
841 40.93475 -29.003361 -269.2818  17.20493908 0.00484300  0.00574639
842 41.248458 38.561861 -318.3050  138.78325163 0.04567900  0.04679043
843 41.178792 15.240083 -55.2662  75.28304908 0.02506700  0.02525600
844 41.309208 35.188694 -276.8440  52.41891325 0.01661500  0.01755466
845 41.291417 -4.710778  30.0919  77.68015194 0.02616800  0.02606501
846 41.273 -15.587806 -8.5354  39.95492856 0.01333900  0.01336785
847 41.325083 -17.708361 -32.3801  75.41859429 0.02519100  0.02530174
848 41.419167 -15.357778 -82.8904  41.29112279 0.01353600  0.01381631
849 41.446083 -15.510667  70.9020  77.64260820 0.02629500  0.02605233
850 41.648875 32.449278 -44.0896  48.51806581 0.01609400  0.01624346
851 41.499616 -7.578467 -200.5768  16.10824577 0.00470700  0.00537965
852 41.74025 39.012639 -217.5538  92.48785361 0.03032100  0.03106923
853 41.605426 3.607288  15.4139  67.39631541 0.02264900  0.02259642
854 41.604852 -0.498649 -200.5768  17.22441243 0.00508000  0.00575290
855 41.641401 -0.247158  3.3742  27.31364585 0.00914100  0.00912964
856 41.656792 -26.971944 -261.3010  73.56426706 0.02378300  0.02467611
857 41.673667 -25.346667 -158.8936  105.45142407 0.03491100  0.03545981
858 41.72274 -22.64609 -131.2491  70.13944728 0.02307300  0.02352110
859 41.984875 41.246472  536.0744  34.89362884 0.01347900  0.01166998
860 41.90775 4.637639  176.0840  61.97892409 0.02137100  0.02077145
861 42.121125 47.993083 -274.8727  76.56148569 0.02474700  0.02568743
862 42.018167 27.103111 -321.9198  59.51291788 0.01884600  0.01994122
863 42.168583 17.223639 -59.2031  64.96379365 0.02157500  0.02177678
864 42.211657 -0.767391  51.7121  64.03767311 0.02164100  0.02146480
865 42.245167 3.168667  31.9385  41.10845454 0.01386300  0.01375500
866 42.116583 -40.554917 -40.7893  48.44607666 0.01608100  0.01621927
867 42.169917 -31.536222 -152.6077  51.33366374 0.01667200  0.01718979
868 42.196875 -36.714667 -136.4917  52.53976532 0.01713200  0.01759530
869 42.28 -16.993361  70.5396  33.87980365 0.01156800  0.01133004
870 42.412167 14.619806 -162.0598  91.75484056 0.03026400  0.03082123
871 42.518875 41.389278 -570.8614  63.06572461 0.01919300  0.02113744
872 42.366452 -0.872991 -93.2253  72.12749336 0.02387300  0.02419149
873 42.266352 -31.172511 -76.9749  59.14935723 0.01955700  0.01981885
874 42.458708 22.753639 -129.2704  56.58344198 0.01851600  0.01895537
875 42.471542 14.401806 -182.8735  88.09968594 0.02895700  0.02958505
876 42.397375 -0.72375  51.7121  64.77672748 0.02189000  0.02171376
877 42.473328 -1.003631 -165.0868  71.50892090 0.02341900  0.02398288
878 42.406417 -30.995833 -210.7131  67.65559788 0.02196500  0.02268381
879 42.60575 13.266222 -227.1981  86.73273692 0.02834300  0.02912292
880 42.648708 13.335056 -189.2366  78.46171464 0.02568100  0.02632884
881 42.574042 -8.597083 -119.7626  54.30151322 0.01778100  0.01818775
882 42.799708 8.075778  131.0013  64.53572270 0.02207900  0.02163257
883 42.648083 -31.520083 -293.1259  74.04428317 0.02383600  0.02483805
884 42.789167 2.593833  40.2434  44.46157061 0.01501700  0.01488076
885 42.825625 -28.200694 -156.7580  52.64328775 0.01709800  0.01763011
886 42.99499 -33.34018 -156.5768  65.22477330 0.02133100  0.02186470
887 43.113042 -30.776528 -252.3847  69.90068640 0.02257900  0.02344060
888 43.42225 13.014139  94.3562  35.35154686 0.01214200  0.01182354
889 43.421487 6.265283 -151.9027  74.92867012 0.02461700  0.02513643
890 43.459375 12.849222  94.3562  34.63607363 0.01190200  0.01158362
891 43.609292 42.650028  73.0120  20.86200053 0.00721500  0.00696976
892 43.372375 -30.860361 -106.9799  64.25952074 0.02117500  0.02153953
893 43.514615 6.257668 -206.7987  77.70024622 0.02536400  0.02607179
894 43.635333 9.451306 -347.4145  84.79156264 0.02727500  0.02846684
895 43.644667 15.84425 -634.4200  111.81042006 0.03542100  0.03761680
896 43.665917 9.356917 -53.6903  75.32635667 0.02508700  0.02527062
897 43.639625 -18.635083 -280.5157  23.41446284 0.00688100  0.00782402
898 43.794833 9.336861 -347.4145  84.18123482 0.02706900  0.02826060
899 43.821042 12.224667 -189.2366  78.96557223 0.02585100  0.02649895
900 43.733667 -21.898167 -77.5916  86.58606380 0.02880700  0.02907334
901 43.834083 8.828167 -292.3066  82.44501532 0.02667200  0.02767401
902 43.943417 33.766628 -144.8592  16.91650018 0.00516400  0.00564993
904 43.945542 6.217528 -238.1982  81.90437013 0.02667500  0.02749139
905 43.802015 -36.300167 -279.9236  17.17411510 0.00479700  0.00573608
906 44.036398 15.79245 -669.2700  107.77099717 0.03393300  0.03624636
907 43.988583 0.692611  31.9385  41.10845454 0.01386300  0.01375500
908 43.953663 1.079369  73.6777  49.40695430 0.01679200  0.01654217
909 43.99 6.494806 -206.7987  78.61917872 0.02567400  0.02638200
910 43.861729 -42.369222 -167.7364  57.99510309 0.01886000  0.01943038
911 44.073333 4.529333 -326.1002  85.42512717 0.02756200  0.02868095
912 44.094667 6.155222 -206.7987  79.37201219 0.02592800  0.02663618
913 44.11304 0.875752  0.6195  68.30856337 0.02290600  0.02290389
914 44.208167 15.984361 -532.8647  103.49109172 0.03295600  0.03479529
915 44.195542 4.977833 -168.0545  78.27642788 0.02569100  0.02626629
916 44.281458 17.514278 -89.9806  70.32370110 0.02327600  0.02358322
917 44.288375 5.320917 -156.1035  75.30633170 0.02473000  0.02526386
918 44.514083 35.257694  299.4967  45.29551466 0.01617500  0.01516084
919 44.473417 15.743833 -68.3732  90.60716375 0.03019800  0.03043301
920 44.592042 3.86275  105.5063  29.40013348 0.01018400  0.00982861
921 44.59 -2.042528  3.3742  25.10696247 0.00840200  0.00839065
922 44.623624 6.30643  156.4681  65.16829716 0.02237900  0.02184568
923 44.454833 -36.717917 -155.6053  63.72097054 0.02082800  0.02135813
924 44.885375 37.009194 -220.4751  166.39225796 0.05544500  0.05622177
925 44.81204 16.038225 -68.3732  90.79346186 0.03026100  0.03049602
926 44.817077 6.133483 -338.2283  85.07443544 0.02740200  0.02856243
927 44.818208 7.305222 -206.7987  77.86032782 0.02541800  0.02612583
928 45.094667 34.072444 -442.6840  72.14788679 0.02268600  0.02419837
929 45.145833 11.842778 -245.6046  79.87556799 0.02596500  0.02680621
930 45.092042 -17.152528 -159.5175  24.37454432 0.00760900  0.00814543
931 45.064902 -22.290312 -97.9406  30.95632874 0.01002000  0.01035008
932 45.167525 0.020461  89.2021  27.47211624 0.00948300  0.00918272
933 44.5275 -74.456611 -69.4751  48.58072955 0.01602900  0.01626451
934 45.403125 31.81925 -469.3620  66.67879702 0.02075400  0.02235462
935 46.016667 74.443889 -187.0565  21.97893235 0.00671500  0.00734354
936 45.474333 35.733234  299.4967  45.55130818 0.01626100  0.01524675
937 45.500833 35.760278 -387.3901  133.84366581 0.04375700  0.04510748
938 45.532083 29.106389  342.8793  27.65119939 0.01039700  0.00924271
939 45.550917 17.345472 -19.5679  69.17451299 0.02312900  0.02319579
940 45.894792 46.386361  24.4481  23.59306271 0.00796600  0.00788381
941 45.660333 -18.897778 -293.6954  20.70563594 0.00593100  0.00691744
942 45.625833 -42.335278  55.1873  117.62967890 0.03978400  0.03959263
943 45.995792 43.398306  181.7464  25.53682074 0.00914600  0.00853459
944 45.850542 4.491778  205.5680  57.83948561 0.02007700  0.01937801
945 45.877693 -20.176074 -10.2089  33.23968710 0.01108100  0.01111543
946 46.073458 1.757639 -38.8682  70.14420036 0.02339000  0.02352270
947 46.16325 5.442917 -314.5521  86.77972569 0.02805900  0.02913881
948 46.231 21.376667  58.8919  41.39397631 0.01405000  0.01385084
949 46.287588 1.093558 -38.8682  69.50343859 0.02317400  0.02330667
950 46.418667 33.394028 -469.3620  66.75904616 0.02078100  0.02238166
951 46.275917 -45.962083 -300.6827  16.91263264 0.00464000  0.00564863
952 46.470625 -27.230778 -124.2906  65.28698323 0.02146200  0.02188566
953 46.668467 -32.863634 -146.3110  48.85602344 0.01586100  0.01635702
954 47.065333 36.449611  591.7484  34.14691839 0.01341600  0.01141960
955 46.804958 -31.400722 -166.4984  49.02108652 0.01584800  0.01641249
956 46.955417 3.147889 -104.1390  72.52577984 0.02397000  0.02432582
957 46.629542 -66.775611 -62.0859  55.60724035 0.01841600  0.01862695
958 47.403833 18.500639 -616.4644  112.71934299 0.03579100  0.03792529
959 47.439625 -20.579306 -248.5324  18.50478274 0.00534700  0.00618114
960 47.407777 -41.030468  43.3603  9.11022411 0.00318600  0.00304093
961 47.582458 -22.404861 -110.4766  13.92641905 0.00428000  0.00465022
962 47.505125 -53.33575 -133.1625  12.05562005 0.00357900  0.00402497
963 48.032542 40.243917 -571.0850  66.11058024 0.02021600  0.02216315
964 48.137958 39.318917  594.5287  37.76130874 0.01464000  0.01263182
965 48.137379 12.384614 -349.2801  101.46236586 0.03290300  0.03410781
966 48.059667 -10.481111  76.4920  38.58319135 0.01316600  0.01290756
967 48.284375 42.781611 -649.5642  103.98136060 0.03271900  0.03496146
968 48.371917 44.131444 -459.9220  58.17236867 0.01792600  0.01949003
969 48.102454 -24.546141 -88.7493  65.46171805 0.02164200  0.02194453
970 48.3835 -25.725167 -279.9236  19.64883445 0.00562400  0.00656385
971 48.668792 39.617528  581.4904  39.20119197 0.01508000  0.01311492
972 48.755937 42.035943 -456.6307  74.24003422 0.02334300  0.02490409
973 48.755708 37.881833  300.8198  46.30232625 0.01651800  0.01549902
974 48.269792 -57.357222 -179.3122  13.24890679 0.00382300  0.00442377
975 48.522792 -21.774278 -248.5324  17.40660916 0.00498000  0.00581383
976 49.004208 42.074306 -63.7748  53.97392645 0.01786100  0.01807758
977 49.003208 40.885639  581.4904  40.96773972 0.01567400  0.01370777
978 48.975375 9.159639 -215.2754  80.30859473 0.02621500  0.02695244
979 49.02275 -13.034917 -107.6728  55.34523310 0.01817300  0.01853882
980 49.132665 -0.468139  22.1784  67.56521300 0.02272900  0.02265334
981 49.023542 -34.360639 -163.3718  50.86495737 0.01647800  0.01703223
982 49.1875 6.005583 -51.7313  70.09352074 0.02332900  0.02350561
983 49.343458 36.568556 -536.2392  61.86113675 0.01890600  0.02073178
984 49.381708 37.046389 -340.9436  138.18122465 0.04539500  0.04658525
985 49.460125 41.967583  442.0889  33.22934346 0.01260300  0.01111196
986 49.468125 43.304139 -538.4809  66.33009634 0.02040100  0.02223712
987 48.959875 -58.57425 -4.0150  53.98004898 0.01806600  0.01807963
988 49.220053 -35.540534 -279.9236  18.46096529 0.00522700  0.00616648
989 49.688875 43.240722 -538.4809  67.07331748 0.02065100  0.02248757
990 49.722375 40.595833 -549.1003  67.23449881 0.02066900  0.02254189
991 49.562042 -27.610333 -126.2631  14.94064483 0.00456600  0.00498927
992 49.864042 41.635306 -253.9376  79.66672609 0.02586600  0.02673569
993 49.63675 -25.835667 -319.0566  21.13996813 0.00599100  0.00706278
994 49.988333 3.590167 -0.1871  68.52440057 0.02297600  0.02297664
995 49.921167 -19.411361 -248.5324  18.25643795 0.00526400  0.00609807
996 50.015875 1.361528  22.1784  65.86197148 0.02215500  0.02207939
997 49.893902 -32.465017 -279.9236  17.22200239 0.00481300  0.00575210
998 50.220208 38.253417  229.5064  47.86549509 0.01680200  0.01602418
999 49.855167 -49.599722  43.3603  9.84655597 0.00343200  0.00328689
1000 50.073682 -26.464561 -319.0566  20.70019434 0.00584400  0.00691562
